Accelerometer   Dummy Data      Time
Data
2.051475505	0.000152374	0.000000000
1.847795663	0.000153044	0.001000000
1.629712700	0.000152785	0.002000000
1.401392686	0.000152821	0.003000000
1.161699419	0.000153276	0.004000000
0.912826554	0.000153849	0.005000000
0.656888997	0.000152660	0.006000000
0.394925454	0.000151462	0.007000000
0.129568310	0.000154385	0.008000000
-0.135361354	0.000153884	0.009000000
-0.399023572	0.000152379	0.010000000
-0.659633424	0.000152692	0.011000000
-0.915353490	0.000149704	0.012000000
-1.164702585	0.000151360	0.013000000
-1.405340811	0.000154537	0.014000000
-1.635093262	0.000150949	0.015000000
-1.852909986	0.000149978	0.016000000
-2.056529831	0.000151119	0.017000000
-2.242990426	0.000150258	0.018000000
-2.412359269	0.000147406	0.019000000
-2.563556406	0.000148682	0.020000000
-2.696143107	0.000148479	0.021000000
-2.808251954	0.000149331	0.022000000
-2.897955531	0.000149635	0.023000000
-2.966210046	0.000150258	0.024000000
-3.012393026	0.000149766	0.025000000
-3.034370815	0.000146947	0.026000000
-3.033444605	0.000150481	0.027000000
-3.011076833	0.000149453	0.028000000
-2.964762609	0.000152186	0.029000000
-2.896549342	0.000151053	0.030000000
-2.806740770	0.000150204	0.031000000
-2.694598175	0.000151766	0.032000000
-2.563395163	0.000152493	0.033000000
-2.411856791	0.000152433	0.034000000
-2.242251708	0.000152594	0.035000000
-2.057669781	0.000153139	0.036000000
-1.855759862	0.000153336	0.037000000
-1.639525569	0.000154066	0.038000000
-1.412049267	0.000152630	0.039000000
-1.172952224	0.000152907	0.040000000
-0.926179267	0.000149576	0.041000000
-0.673414072	0.000151831	0.042000000
-0.414926627	0.000154379	0.043000000
-0.154376772	0.000154033	0.044000000
0.107605520	0.000150341	0.045000000
0.369021587	0.000152216	0.046000000
0.627235294	0.000151205	0.047000000
0.880821703	0.000152666	0.048000000
1.126930940	0.000151012	0.049000000
1.363084361	0.000149647	0.050000000
1.588119520	0.000148777	0.051000000
1.802733883	0.000149483	0.052000000
2.002592642	0.000149260	0.053000000
2.185989622	0.000149289	0.054000000
2.353288555	0.000149507	0.055000000
2.501947053	0.000149525	0.056000000
2.633011321	0.000149659	0.057000000
2.741786564	0.000150836	0.058000000
2.828524020	0.000150428	0.059000000
2.895698582	0.000150535	0.060000000
2.939384172	0.000150574	0.061000000
2.960345755	0.000147877	0.062000000
2.958047105	0.000150326	0.063000000
2.932701964	0.000153077	0.064000000
2.885960258	0.000149373	0.065000000
2.817139518	0.000149114	0.066000000
2.726363488	0.000151801	0.067000000
2.616047063	0.000153840	0.068000000
2.484525315	0.000151915	0.069000000
2.332735704	0.000153205	0.070000000
2.165519267	0.000154349	0.071000000
1.979328660	0.000154591	0.072000000
1.778022464	0.000153241	0.073000000
1.565088027	0.000153604	0.074000000
1.338159202	0.000152403	0.075000000
1.101555800	0.000154945	0.076000000
0.856331524	0.000154245	0.077000000
0.604432541	0.000153187	0.078000000
0.347943759	0.000152880	0.079000000
0.088376361	0.000151876	0.080000000
-0.170771055	0.000151876	0.081000000
-0.429618484	0.000152102	0.082000000
-0.684761075	0.000151554	0.083000000
-0.934061422	0.000150782	0.084000000
-1.177212038	0.000150100	0.085000000
-1.410309343	0.000150845	0.086000000
-1.632869610	0.000148676	0.087000000
-1.843284157	0.000147558	0.088000000
-2.039693067	0.000150166	0.089000000
-2.221455118	0.000150109	0.090000000
-2.385169208	0.000149105	0.091000000
-2.528765427	0.000151471	0.092000000
-2.654238690	0.000151933	0.093000000
-2.761169013	0.000148127	0.094000000
-2.845637819	0.000148705	0.095000000
-2.907671356	0.000149626	0.096000000
-2.948559568	0.000150678	0.097000000
-2.968977425	0.000151158	0.098000000
-2.965418830	0.000152385	0.099000000
-2.938146273	0.000150946	0.100000000
-2.890002129	0.000152898	0.101000000
-2.818968985	0.000154364	0.102000000
-2.727870470	0.000151095	0.103000000
-2.616969070	0.000152898	0.104000000
-2.485469821	0.000155928	0.105000000
-2.334992652	0.000152746	0.106000000
-2.166268781	0.000152585	0.107000000
-1.981806849	0.000152672	0.108000000
-1.783616767	0.000152216	0.109000000
-1.571484794	0.000153661	0.110000000
-1.347060860	0.000153559	0.111000000
-1.112962348	0.000155082	0.112000000
-0.869766734	0.000153035	0.113000000
-0.621823828	0.000152549	0.114000000
-0.368942388	0.000149197	0.115000000
-0.112164868	0.000152645	0.116000000
0.143101468	0.000152403	0.117000000
0.398529047	0.000149194	0.118000000
0.651260493	0.000151080	0.119000000
0.897354730	0.000151947	0.120000000
1.136335528	0.000149733	0.121000000
1.366181726	0.000148008	0.122000000
1.585948364	0.000148407	0.123000000
1.793006809	0.000149739	0.124000000
1.986247107	0.000147785	0.125000000
2.165283027	0.000149444	0.126000000
2.325828506	0.000149158	0.127000000
2.467602305	0.000148106	0.128000000
2.592250604	0.000151152	0.129000000
2.695832323	0.000151423	0.130000000
2.778099975	0.000149641	0.131000000
2.839758529	0.000151176	0.132000000
2.879195554	0.000150547	0.133000000
2.896486048	0.000150344	0.134000000
2.890516309	0.000151250	0.135000000
2.864289956	0.000151685	0.136000000
2.815962070	0.000152320	0.137000000
2.744681437	0.000153741	0.138000000
2.653965404	0.000153452	0.139000000
2.541286583	0.000151000	0.140000000
2.409374852	0.000149966	0.141000000
2.259085175	0.000153574	0.142000000
2.091681246	0.000154090	0.143000000
1.909307972	0.000153571	0.144000000
1.710506667	0.000156036	0.145000000
1.497992211	0.000155771	0.146000000
1.273350786	0.000153232	0.147000000
1.038791045	0.000152272	0.148000000
0.797691589	0.000150830	0.149000000
0.551994835	0.000151605	0.150000000
0.301648284	0.000151873	0.151000000
0.048815591	0.000147987	0.152000000
-0.205168301	0.000152624	0.153000000
-0.458458473	0.000150326	0.154000000
-0.707447583	0.000148857	0.155000000
-0.951006931	0.000148098	0.156000000
-1.186061651	0.000149230	0.157000000
-1.412810484	0.000148762	0.158000000
-1.628339808	0.000150431	0.159000000
-1.831453425	0.000149826	0.160000000
-2.022447571	0.000149802	0.161000000
-2.196364965	0.000149251	0.162000000
-2.353194356	0.000150446	0.163000000
-2.491893290	0.000148908	0.164000000
-2.611670552	0.000150806	0.165000000
-2.711667428	0.000150428	0.166000000
-2.791670179	0.000151128	0.167000000
-2.851536311	0.000149134	0.168000000
-2.888693436	0.000152287	0.169000000
-2.904682737	0.000153706	0.170000000
-2.897104318	0.000152433	0.171000000
-2.867293122	0.000153419	0.172000000
-2.817874033	0.000154927	0.173000000
-2.745355955	0.000154543	0.174000000
-2.652956246	0.000152838	0.175000000
-2.541349877	0.000152162	0.176000000
-2.409963123	0.000152186	0.177000000
-2.260817146	0.000151882	0.178000000
-2.093139480	0.000153527	0.179000000
-1.910796205	0.000155809	0.180000000
-1.715062265	0.000154379	0.181000000
-1.505142696	0.000153494	0.182000000
-1.285286061	0.000151012	0.183000000
-1.054888638	0.000151322	0.184000000
-0.814756640	0.000155204	0.185000000
-0.569618611	0.000151566	0.186000000
-0.321836948	0.000149838	0.187000000
-0.072671595	0.000153443	0.188000000
0.178004941	0.000150207	0.189000000
0.427327787	0.000148640	0.190000000
0.673062040	0.000148422	0.191000000
0.912725308	0.000147645	0.192000000
1.144810158	0.000150014	0.193000000
1.369631575	0.000149465	0.194000000
1.582641009	0.000150487	0.195000000
1.782589764	0.000150115	0.196000000
1.969496590	0.000147502	0.197000000
2.141152832	0.000149465	0.198000000
2.296587285	0.000151643	0.199000000
2.433336304	0.000152523	0.200000000
2.551336143	0.000153026	0.201000000
2.649619345	0.000150750	0.202000000
2.726892215	0.000152028	0.203000000
2.784050965	0.000152841	0.204000000
2.819404419	0.000153133	0.205000000
2.833740042	0.000150925	0.206000000
2.826439111	0.000154480	0.207000000
2.796211683	0.000151849	0.208000000
2.745093919	0.000151575	0.209000000
2.672902076	0.000152883	0.210000000
2.579302420	0.000153044	0.211000000
2.466098621	0.000154903	0.212000000
2.334903109	0.000152630	0.213000000
2.186124616	0.000154072	0.214000000
2.020040629	0.000152952	0.215000000
1.837401117	0.000152481	0.216000000
1.640332236	0.000151325	0.217000000
1.430903895	0.000151560	0.218000000
1.210736024	0.000150481	0.219000000
0.981823536	0.000151146	0.220000000
0.746101345	0.000149018	0.221000000
0.504139428	0.000150040	0.222000000
0.257816451	0.000151217	0.223000000
0.009168575	0.000147093	0.224000000
-0.240637999	0.000150353	0.225000000
-0.486585993	0.000150270	0.226000000
-0.728090430	0.000150082	0.227000000
-0.963542633	0.000150386	0.228000000
-1.191506413	0.000150946	0.229000000
-1.413054223	0.000147692	0.230000000
-1.622336320	0.000150380	0.231000000
-1.819018968	0.000149114	0.232000000
-2.003544648	0.000149409	0.233000000
-2.171379808	0.000152469	0.234000000
-2.320450788	0.000151712	0.235000000
-2.453382474	0.000150011	0.236000000
-2.568802426	0.000151760	0.237000000
-2.663088303	0.000153223	0.238000000
-2.740124934	0.000152716	0.239000000
-2.795742501	0.000150979	0.240000000
-2.827529861	0.000153041	0.241000000
-2.839675580	0.000152806	0.242000000
-2.828662311	0.000153816	0.243000000
-2.797804911	0.000153491	0.244000000
-2.747497111	0.000153253	0.245000000
-2.674277813	0.000152660	0.246000000
-2.583119300	0.000153267	0.247000000
-2.469923001	0.000155678	0.248000000
-2.336132602	0.000153822	0.249000000
-2.187106620	0.000153953	0.250000000
-2.021191376	0.000151605	0.251000000
-1.841352992	0.000151789	0.252000000
-1.647992698	0.000152716	0.253000000
-1.441826715	0.000151742	0.254000000
-1.223687505	0.000150267	0.255000000
-0.996053711	0.000150845	0.256000000
-0.760935244	0.000150335	0.257000000
-0.520360766	0.000148959	0.258000000
-0.278597589	0.000149754	0.259000000
-0.033748298	0.000148333	0.260000000
0.210782258	0.000149048	0.261000000
0.453527891	0.000147943	0.262000000
0.695208571	0.000149996	0.263000000
0.929438327	0.000148994	0.264000000
1.155932171	0.000148312	0.265000000
1.373741395	0.000149194	0.266000000
1.579866130	0.000151274	0.267000000
1.773503912	0.000151384	0.268000000
1.953289799	0.000154152	0.269000000
2.118822559	0.000149340	0.270000000
2.267597302	0.000151953	0.271000000
2.400210253	0.000151539	0.272000000
2.513399052	0.000151170	0.273000000
2.605033795	0.000152236	0.274000000
2.678088099	0.000152016	0.275000000
2.729352107	0.000154039	0.276000000
2.760824481	0.000153053	0.277000000
2.771556512	0.000152439	0.278000000
2.760205758	0.000153041	0.279000000
2.727810925	0.000152236	0.280000000
2.672890827	0.000153610	0.281000000
2.600042763	0.000152826	0.282000000
2.506315612	0.000152526	0.283000000
2.391521883	0.000153351	0.284000000
2.260690104	0.000152144	0.285000000
2.112207848	0.000151456	0.286000000
1.946202609	0.000151697	0.287000000
1.765501762	0.000152755	0.288000000
1.572220215	0.000149730	0.289000000
1.366447964	0.000152064	0.290000000
1.150273669	0.000150502	0.291000000
0.925028520	0.000150371	0.292000000
0.692613685	0.000149772	0.293000000
0.455650298	0.000148166	0.294000000
0.214828331	0.000149394	0.295000000
-0.028187291	0.000147880	0.296000000
-0.270917925	0.000149334	0.297000000
-0.510326204	0.000150323	0.298000000
-0.746142141	0.000148410	0.299000000
-0.976562063	0.000148232	0.300000000
-1.198769845	0.000149772	0.301000000
-1.412495498	0.000151062	0.302000000
-1.616051595	0.000151030	0.303000000
-1.807544470	0.000149051	0.304000000
-1.984874215	0.000149310	0.305000000
-2.146758385	0.000150830	0.306000000
-2.292443263	0.000152275	0.307000000
-2.419900189	0.000150228	0.308000000
-2.529132911	0.000154015	0.309000000
-2.620130182	0.000154728	0.310000000
-2.690807091	0.000154370	0.311000000
-2.741366129	0.000154149	0.312000000
-2.771169826	0.000155231	0.313000000
-2.778482006	0.000152821	0.314000000
-2.764671360	0.000152794	0.315000000
-2.730817841	0.000156691	0.316000000
-2.677768911	0.000153610	0.317000000
-2.603597155	0.000151554	0.318000000
-2.509007542	0.000149900	0.319000000
-2.396579959	0.000149641	0.320000000
-2.265013213	0.000152573	0.321000000
-2.116515957	0.000150815	0.322000000
-1.952726871	0.000151560	0.323000000
-1.773589705	0.000149894	0.324000000
-1.580799387	0.000151402	0.325000000
-1.377877012	0.000149269	0.326000000
-1.164121361	0.000147811	0.327000000
-0.939862419	0.000150246	0.328000000
-0.709978723	0.000148255	0.329000000
-0.475100245	0.000149465	0.330000000
-0.237158152	0.000150562	0.331000000
0.002313875	0.000151009	0.332000000
0.241800901	0.000149525	0.333000000
0.479270515	0.000149221	0.334000000
0.712435318	0.000150478	0.335000000
0.939701628	0.000149930	0.336000000
1.160409476	0.000153920	0.337000000
1.370940268	0.000150756	0.338000000
1.571443999	0.000151045	0.339000000
1.760180744	0.000152335	0.340000000
1.934889353	0.000153080	0.341000000
2.095104846	0.000152663	0.342000000
2.237508618	0.000152967	0.343000000
2.362224414	0.000152898	0.344000000
2.468629760	0.000155237	0.345000000
2.555955941	0.000153309	0.346000000
2.624154208	0.000154599	0.347000000
2.672260854	0.000154072	0.348000000
2.700962099	0.000150496	0.349000000
2.708705510	0.000152365	0.350000000
2.694043652	0.000154424	0.351000000
2.658555204	0.000155601	0.352000000
2.603597607	0.000152695	0.353000000
2.528147157	0.000151253	0.354000000
2.432950071	0.000152600	0.355000000
2.319427536	0.000153300	0.356000000
2.187152071	0.000148574	0.357000000
2.038261082	0.000147207	0.358000000
1.874625739	0.000148753	0.359000000
1.696564777	0.000147531	0.360000000
1.504681919	0.000146402	0.361000000
1.301710796	0.000148294	0.362000000
1.089912559	0.000150154	0.363000000
0.868642236	0.000148562	0.364000000
0.640157229	0.000150562	0.365000000
0.407464906	0.000152526	0.366000000
0.172342689	0.000148622	0.367000000
-0.065033179	0.000149590	0.368000000
-0.302274054	0.000152654	0.369000000
-0.536218822	0.000151515	0.370000000
-0.766769989	0.000151471	0.371000000
-0.990867688	0.000151188	0.372000000
-1.208016941	0.000152639	0.373000000
-1.415656610	0.000152377	0.374000000
-1.611296803	0.000154260	0.375000000
-1.795237509	0.000152710	0.376000000
-1.966147534	0.000154218	0.377000000
-2.122478197	0.000154981	0.378000000
-2.261293375	0.000153801	0.379000000
-2.384257998	0.000154486	0.380000000
-2.488990917	0.000152952	0.381000000
-2.573643465	0.000153110	0.382000000
-2.639865569	0.000150478	0.383000000
-2.686041049	0.000154796	0.384000000
-2.711746175	0.000153717	0.385000000
-2.716939698	0.000152892	0.386000000
-2.702356585	0.000152996	0.387000000
-2.666283163	0.000149537	0.388000000
-2.609458148	0.000151801	0.389000000
-2.533156485	0.000152755	0.390000000
-2.437044439	0.000152409	0.391000000
-2.323803142	0.000149009	0.392000000
-2.193751329	0.000149355	0.393000000
-2.046889002	0.000151730	0.394000000
-1.883819884	0.000148914	0.395000000
-1.705972663	0.000148515	0.396000000
-1.516339706	0.000149087	0.397000000
-1.314763522	0.000150118	0.398000000
-1.102470307	0.000150758	0.399000000
-0.883438636	0.000150547	0.400000000
-0.658215986	0.000149215	0.401000000
-0.427589823	0.000150410	0.402000000
-0.194398772	0.000151256	0.403000000
0.040040975	0.000149167	0.404000000
0.273858249	0.000151697	0.405000000
0.505811855	0.000152725	0.406000000
0.733524395	0.000149930	0.407000000
0.954142247	0.000150517	0.408000000
1.168017893	0.000155583	0.409000000
1.372612695	0.000152987	0.410000000
1.566655458	0.000152889	0.411000000
1.749092479	0.000155136	0.412000000
1.917332621	0.000157475	0.413000000
2.069928447	0.000152823	0.414000000
2.205758757	0.000154790	0.415000000
2.326090994	0.000153348	0.416000000
2.428716506	0.000153828	0.417000000
2.511854120	0.000152943	0.418000000
2.575053856	0.000154331	0.419000000
2.617884483	0.000153232	0.420000000
2.642460908	0.000152207	0.421000000
2.646266991	0.000151414	0.422000000
2.627832797	0.000151438	0.423000000
2.590349437	0.000151789	0.424000000
2.533614418	0.000150300	0.425000000
2.458246464	0.000149132	0.426000000
2.363371864	0.000149775	0.427000000
2.248690629	0.000150946	0.428000000
2.117802604	0.000148008	0.429000000
1.970362802	0.000149099	0.430000000
1.808047401	0.000148559	0.431000000
1.631538871	0.000150231	0.432000000
1.442209651	0.000150761	0.433000000
1.243288351	0.000151354	0.434000000
1.033016297	0.000149394	0.435000000
0.813587144	0.000145803	0.436000000
0.589838180	0.000151176	0.437000000
0.362433125	0.000151232	0.438000000
0.131311983	0.000151635	0.439000000
-0.100262889	0.000151357	0.440000000
-0.331275285	0.000149766	0.441000000
-0.561503966	0.000151730	0.442000000
-0.786666619	0.000153884	0.443000000
-1.005694539	0.000154319	0.444000000
-1.217046546	0.000151059	0.445000000
-1.418247746	0.000153405	0.446000000
-1.608765664	0.000154269	0.447000000
-1.786732880	0.000155026	0.448000000
-1.952074399	0.000154310	0.449000000
-2.102322828	0.000151679	0.450000000
-2.235385759	0.000152454	0.451000000
-2.352309395	0.000152499	0.452000000
-2.450941331	0.000156414	0.453000000
-2.531322816	0.000153807	0.454000000
-2.593836332	0.000153428	0.455000000
-2.634057073	0.000150204	0.456000000
-2.654456180	0.000148929	0.457000000
-2.656267351	0.000151643	0.458000000
-2.636265726	0.000151202	0.459000000
-2.598028648	0.000150022	0.460000000
-2.539302467	0.000149650	0.461000000
-2.461395874	0.000149435	0.462000000
-2.367207493	0.000147159	0.463000000
-2.253066235	0.000150046	0.464000000
-2.122853180	0.000149477	0.465000000
-1.976152096	0.000150392	0.466000000
-1.812951734	0.000151360	0.467000000
-1.638929345	0.000151760	0.468000000
-1.451823778	0.000150371	0.469000000
-1.252643739	0.000148586	0.470000000
-1.045187812	0.000148640	0.471000000
-0.829632240	0.000150398	0.472000000
-0.608260671	0.000153837	0.473000000
-0.382175559	0.000152374	0.474000000
-0.154594262	0.000150031	0.475000000
0.074186982	0.000151518	0.476000000
0.303875686	0.000152412	0.477000000
0.528967092	0.000152660	0.478000000
0.750226165	0.000153431	0.479000000
0.966535455	0.000155437	0.480000000
1.173357659	0.000153774	0.481000000
1.372035220	0.000153312	0.482000000
1.560655721	0.000152344	0.483000000
1.735128090	0.000153029	0.484000000
1.897522238	0.000151512	0.485000000
2.046218234	0.000152740	0.486000000
2.177781231	0.000155034	0.487000000
2.291138773	0.000155279	0.488000000
2.387569555	0.000153965	0.489000000
2.467309818	0.000149978	0.490000000
2.526092247	0.000151036	0.491000000
2.565555521	0.000151071	0.492000000
2.585324657	0.000150714	0.493000000
2.584848427	0.000149415	0.494000000
2.565248035	0.000149349	0.495000000
2.524922298	0.000149450	0.496000000
2.466102371	0.000149844	0.497000000
2.387742048	0.000150148	0.498000000
2.290812537	0.000150678	0.499000000
2.177867477	0.000150022	0.500000000
2.047418182	0.000150455	0.501000000
1.900870841	0.000152201	0.502000000
1.739425402	0.000150145	0.503000000
1.563681838	0.000147028	0.504000000
1.377494981	0.000149599	0.505000000
1.181153568	0.000148565	0.506000000
0.974001378	0.000149409	0.507000000
0.759469511	0.000153875	0.508000000
0.539024152	0.000147841	0.509000000
0.316145150	0.000152400	0.510000000
0.090900001	0.000153562	0.511000000
-0.136321312	0.000154462	0.512000000
-0.361795200	0.000150240	0.513000000
-0.586294132	0.000153992	0.514000000
-0.806090769	0.000155163	0.515000000
-1.017619018	0.000154144	0.516000000
-1.221235113	0.000152815	0.517000000
-1.416541571	0.000152609	0.518000000
-1.601783469	0.000152490	0.519000000
-1.774965895	0.000153405	0.520000000
-1.934386423	0.000154674	0.521000000
-2.077588910	0.000153458	0.522000000
-2.204738349	0.000153646	0.523000000
-2.317000939	0.000151721	0.524000000
-2.411073075	0.000151936	0.525000000
-2.486617271	0.000154290	0.526000000
-2.544994718	0.000152606	0.527000000
-2.582230589	0.000149912	0.528000000
-2.599157349	0.000150836	0.529000000
-2.596434968	0.000150604	0.530000000
-2.574948408	0.000148667	0.531000000
-2.535488883	0.000149695	0.532000000
-2.475382762	0.000149662	0.533000000
-2.396774950	0.000149105	0.534000000
-2.299957934	0.000148908	0.535000000
-2.186240408	0.000150240	0.536000000
-2.055663619	0.000151748	0.537000000
-1.908062574	0.000147230	0.538000000
-1.748319560	0.000147600	0.539000000
-1.575414623	0.000149692	0.540000000
-1.390090228	0.000150347	0.541000000
-1.196234956	0.000152803	0.542000000
-0.992210129	0.000150961	0.543000000
-0.780108155	0.000150928	0.544000000
-0.562767661	0.000152767	0.545000000
-0.340451134	0.000154382	0.546000000
-0.117028405	0.000152350	0.547000000
0.106491819	0.000151924	0.548000000
0.330465773	0.000152207	0.549000000
0.551132372	0.000152770	0.550000000
0.766541701	0.000153369	0.551000000
0.976937500	0.000153422	0.552000000
1.179113657	0.000153321	0.553000000
1.371363999	0.000151003	0.554000000
1.552781065	0.000155386	0.555000000
1.721609931	0.000153869	0.556000000
1.877790601	0.000154072	0.557000000
2.019436906	0.000151974	0.558000000
2.145900125	0.000150398	0.559000000
2.255609077	0.000151000	0.560000000
2.347626302	0.000153065	0.561000000
2.421400576	0.000151343	0.562000000
2.475281969	0.000149817	0.563000000
2.511100403	0.000151745	0.564000000
2.528135908	0.000151232	0.565000000
2.525563520	0.000148932	0.566000000
2.504020712	0.000148866	0.567000000
2.461816308	0.000150571	0.568000000
2.400993968	0.000149829	0.569000000
2.322209914	0.000149498	0.570000000
2.223847966	0.000149853	0.571000000
2.109714207	0.000148717	0.572000000
1.979711143	0.000148440	0.573000000
1.834018765	0.000149751	0.574000000
1.674759480	0.000150458	0.575000000
1.502083282	0.000153095	0.576000000
1.317617600	0.000151274	0.577000000
1.121264938	0.000151575	0.578000000
0.918428809	0.000154596	0.579000000
0.709386701	0.000152964	0.580000000
0.492499937	0.000151340	0.581000000
0.273880748	0.000152180	0.582000000
0.053285396	0.000154567	0.583000000
-0.168873638	0.000153193	0.584000000
-0.390395200	0.000152195	0.585000000
-0.608459413	0.000153437	0.586000000
-0.820287648	0.000153691	0.587000000
-1.026798616	0.000153565	0.588000000
-1.226019903	0.000152835	0.589000000
-1.415465368	0.000154272	0.590000000
-1.594366294	0.000152028	0.591000000
-1.760694019	0.000151751	0.592000000
-1.913109853	0.000150052	0.593000000
-2.051047571	0.000151784	0.594000000
-2.173262226	0.000152013	0.595000000
-2.279817565	0.000149859	0.596000000
-2.368253698	0.000150863	0.597000000
-2.438488126	0.000150249	0.598000000
-2.491225819	0.000150794	0.599000000
-2.524479365	0.000149015	0.600000000
-2.540078683	0.000148956	0.601000000
-2.535800120	0.000149739	0.602000000
-2.510672469	0.000148929	0.603000000
-2.466998129	0.000150288	0.604000000
-2.405197082	0.000150601	0.605000000
-2.326923005	0.000149096	0.606000000
-2.229918498	0.000148792	0.607000000
-2.115852236	0.000150183	0.608000000
-1.986167908	0.000151354	0.609000000
-1.840464281	0.000152666	0.610000000
-1.682622434	0.000152171	0.611000000
-1.511757407	0.000150583	0.612000000
-1.329732867	0.000152925	0.613000000
-1.136965048	0.000151098	0.614000000
-0.935415113	0.000151575	0.615000000
-0.728086681	0.000152102	0.616000000
-0.512876093	0.000154307	0.617000000
-0.296169321	0.000154558	0.618000000
-0.079001319	0.000152898	0.619000000
0.139966605	0.000153810	0.620000000
0.358668290	0.000152642	0.621000000
0.574985079	0.000153187	0.622000000
0.784934647	0.000153944	0.623000000
0.989128217	0.000155082	0.624000000
1.184858406	0.000153777	0.625000000
1.371577740	0.000152892	0.626000000
1.548517502	0.000149024	0.627000000
1.712452832	0.000151715	0.628000000
1.863038746	0.000152299	0.629000000
1.999244039	0.000151235	0.630000000
2.119411283	0.000149853	0.631000000
2.221286828	0.000151348	0.632000000
2.307443060	0.000151095	0.633000000
2.377347502	0.000148202	0.634000000
2.428199028	0.000148866	0.635000000
2.460151381	0.000148369	0.636000000
2.472694582	0.000149006	0.637000000
2.465813633	0.000147192	0.638000000
2.440292250	0.000151772	0.639000000
2.396722905	0.000149421	0.640000000
2.334374382	0.000148845	0.641000000
2.254806612	0.000149608	0.642000000
2.157059637	0.000150940	0.643000000
2.042010918	0.000151015	0.644000000
1.912532831	0.000153256	0.645000000
1.766930449	0.000151685	0.646000000
1.607393677	0.000150991	0.647000000
1.437248618	0.000154123	0.648000000
1.255407821	0.000152829	0.649000000
1.063828700	0.000153738	0.650000000
0.865282383	0.000153396	0.651000000
0.658096444	0.000155276	0.652000000
0.446076967	0.000153121	0.653000000
0.231451354	0.000153124	0.654000000
0.014534591	0.000153780	0.655000000
-0.201692203	0.000152996	0.656000000
-0.417082782	0.000152898	0.657000000
-0.629327250	0.000153393	0.658000000
-0.836921921	0.000151816	0.659000000
-1.038108122	0.000151518	0.660000000
-1.231235925	0.000151432	0.661000000
-1.414141676	0.000151781	0.662000000
-1.584654218	0.000151369	0.663000000
-1.744910960	0.000150970	0.664000000
-1.893865695	0.000149814	0.665000000
-2.026613639	0.000148959	0.666000000
-2.143627272	0.000150353	0.667000000
-2.245859050	0.000149918	0.668000000
-2.329352899	0.000149355	0.669000000
-2.394300058	0.000147189	0.670000000
-2.441457996	0.000150234	0.671000000
-2.471647926	0.000149617	0.672000000
-2.483992386	0.000150794	0.673000000
-2.476267723	0.000150258	0.674000000
-2.450292610	0.000149129	0.675000000
-2.405455820	0.000149942	0.676000000
-2.342004846	0.000150586	0.677000000
-2.261454618	0.000152055	0.678000000
-2.164172623	0.000152844	0.679000000
-2.050443847	0.000150869	0.680000000
-1.920302039	0.000150794	0.681000000
-1.775108389	0.000153250	0.682000000
-1.618024009	0.000152099	0.683000000
-1.449978858	0.000152722	0.684000000
-1.269982981	0.000154427	0.685000000
-1.079720052	0.000155335	0.686000000
-0.881387476	0.000155204	0.687000000
-0.677186407	0.000154686	0.688000000
-0.468080552	0.000153214	0.689000000
-0.255884832	0.000152755	0.690000000
-0.042575412	0.000152901	0.691000000
0.172706423	0.000153211	0.692000000
0.386597068	0.000153899	0.693000000
0.595181696	0.000153336	0.694000000
0.799982739	0.000151083	0.695000000
0.998487807	0.000151316	0.696000000
1.188345754	0.000151340	0.697000000
1.370137803	0.000151822	0.698000000
1.539562893	0.000150246	0.699000000
1.697344743	0.000148521	0.700000000
1.843220863	0.000150091	0.701000000
1.973313923	0.000147689	0.702000000
2.087886412	0.000148768	0.703000000
2.186349606	0.000148112	0.704000000
2.268512262	0.000148729	0.705000000
2.332469465	0.000149269	0.706000000
2.378929933	0.000151888	0.707000000
2.407533682	0.000149677	0.708000000
2.416499540	0.000149421	0.709000000
2.407297443	0.000152296	0.710000000
2.379732398	0.000149963	0.711000000
2.333980649	0.000152269	0.712000000
2.269719710	0.000152371	0.713000000
2.188344519	0.000149984	0.714000000
2.089427595	0.000151012	0.715000000
1.975080096	0.000152055	0.716000000
1.845886996	0.000152746	0.717000000
1.699722139	0.000150562	0.718000000
1.542506514	0.000152940	0.719000000
1.374078881	0.000155008	0.720000000
1.194487985	0.000153664	0.721000000
1.006831192	0.000153774	0.722000000
0.810838514	0.000154826	0.723000000
0.608579860	0.000153345	0.724000000
0.401438919	0.000153002	0.725000000
0.190983124	0.000157210	0.726000000
-0.020556375	0.000156220	0.727000000
-0.231548397	0.000155481	0.728000000
-0.441535463	0.000152385	0.729000000
-0.648365167	0.000150955	0.730000000
-0.849615116	0.000151045	0.731000000
-1.045240310	0.000151486	0.732000000
-1.233283336	0.000149117	0.733000000
-1.410001857	0.000147528	0.734000000
-1.575785856	0.000149173	0.735000000
-1.731141562	0.000150458	0.736000000
-1.872705370	0.000150288	0.737000000
-2.000484782	0.000149072	0.738000000
-2.113066108	0.000150463	0.739000000
-2.208863168	0.000149525	0.740000000
-2.288307194	0.000150958	0.741000000
-2.349778256	0.000148416	0.742000000
-2.394161314	0.000147862	0.743000000
-2.420695154	0.000146971	0.744000000
-2.428903545	0.000149158	0.745000000
-2.418988979	0.000150553	0.746000000
-2.389946499	0.000153038	0.747000000
-2.343358536	0.000148083	0.748000000
-2.278752612	0.000150651	0.749000000
-2.196691201	0.000154266	0.750000000
-2.098471746	0.000154144	0.751000000
-1.984427984	0.000153127	0.752000000
-1.855114890	0.000154325	0.753000000
-1.711769909	0.000155654	0.754000000
-1.556597945	0.000153992	0.755000000
-1.388226559	0.000153074	0.756000000
-1.209303135	0.000153402	0.757000000
-1.023093778	0.000153488	0.758000000
-0.828139805	0.000152686	0.759000000
-0.627073598	0.000155017	0.760000000
-0.421920071	0.000153500	0.761000000
-0.213575433	0.000152001	0.762000000
-0.003948351	0.000150568	0.763000000
0.206413699	0.000153500	0.764000000
0.414372104	0.000152192	0.765000000
0.618306935	0.000152400	0.766000000
0.817220735	0.000149239	0.767000000
1.008469871	0.000149397	0.768000000
1.192414326	0.000149730	0.769000000
1.367100436	0.000150323	0.770000000
1.531238257	0.000148032	0.771000000
1.684269064	0.000148425	0.772000000
1.823376730	0.000150931	0.773000000
1.948411262	0.000150338	0.774000000
2.056852769	0.000152362	0.775000000
2.149732457	0.000153574	0.776000000
2.227976535	0.000149987	0.777000000
2.287013953	0.000148884	0.778000000
2.329919577	0.000149230	0.779000000
2.355020979	0.000149736	0.780000000
2.360446992	0.000152290	0.781000000
2.349452472	0.000149450	0.782000000
2.318040096	0.000148935	0.783000000
2.268782251	0.000150869	0.784000000
2.204262572	0.000153619	0.785000000
2.122107415	0.000151626	0.786000000
2.023336735	0.000153068	0.787000000
1.908846742	0.000155359	0.788000000
1.779934880	0.000154656	0.789000000
1.636571150	0.000151185	0.790000000
1.481020454	0.000151801	0.791000000
1.315247704	0.000153193	0.792000000
1.138446686	0.000154099	0.793000000
0.952702310	0.000154152	0.794000000
0.760230727	0.000155037	0.795000000
0.561496919	0.000154674	0.796000000
0.357805828	0.000153714	0.797000000
0.151358607	0.000152412	0.798000000
-0.055969826	0.000149972	0.799000000
-0.262484544	0.000149805	0.800000000
-0.467634322	0.000149492	0.801000000
-0.668074305	0.000147764	0.802000000
-0.862698293	0.000150031	0.803000000
-1.053722439	0.000150904	0.804000000
-1.236013216	0.000147800	0.805000000
-1.406878244	0.000149733	0.806000000
-1.568207438	0.000151390	0.807000000
-1.718062134	0.000150115	0.808000000
-1.854653660	0.000149879	0.809000000
-1.977115804	0.000152251	0.810000000
-2.084762346	0.000149969	0.811000000
-2.176783322	0.000147746	0.812000000
-2.250141363	0.000150446	0.813000000
-2.306148914	0.000150639	0.814000000
-2.347228367	0.000151205	0.815000000
-2.370297358	0.000150365	0.816000000
-2.374208437	0.000150761	0.817000000
-2.360345293	0.000152800	0.818000000
-2.329409146	0.000153223	0.819000000
-2.280391290	0.000154123	0.820000000
-2.214439175	0.000153562	0.821000000
-2.131995280	0.000154698	0.822000000
-2.032032152	0.000153202	0.823000000
-1.917272171	0.000153029	0.824000000
-1.789001531	0.000152695	0.825000000
-1.647092738	0.000151822	0.826000000
-1.492100766	0.000151706	0.827000000
-1.325499303	0.000153589	0.828000000
-1.149448252	0.000153363	0.829000000
-0.965286307	0.000152025	0.830000000
-0.773928426	0.000151971	0.831000000
-0.577245778	0.000153089	0.832000000
-0.376689549	0.000149942	0.833000000
-0.172450981	0.000152460	0.834000000
0.033070030	0.000153568	0.835000000
0.237031110	0.000150356	0.836000000
0.439282264	0.000150395	0.837000000
0.638657294	0.000151599	0.838000000
0.831953841	0.000148637	0.839000000
1.018234444	0.000149152	0.840000000
1.196659140	0.000149486	0.841000000
1.364258060	0.000151310	0.842000000
1.522804876	0.000150422	0.843000000
1.671455875	0.000151039	0.844000000
1.805591258	0.000148950	0.845000000
1.925297273	0.000147010	0.846000000
2.028852744	0.000149564	0.847000000
2.116512660	0.000148473	0.848000000
2.188951992	0.000153768	0.849000000
2.244378318	0.000152812	0.850000000
2.283489107	0.000149885	0.851000000
2.304836924	0.000152430	0.852000000
2.306798088	0.000153211	0.853000000
2.291090025	0.000153923	0.854000000
2.259223919	0.000151611	0.855000000
2.210138565	0.000153750	0.856000000
2.143582726	0.000154686	0.857000000
2.060392615	0.000152043	0.858000000
1.961021961	0.000152326	0.859000000
1.846839454	0.000151763	0.860000000
1.718025088	0.000151012	0.861000000
1.576386283	0.000154072	0.862000000
1.423329227	0.000155687	0.863000000
1.257878963	0.000154582	0.864000000
1.083050359	0.000153169	0.865000000
0.900384598	0.000153113	0.866000000
0.710436655	0.000149879	0.867000000
0.513986497	0.000153720	0.868000000
0.314090240	0.000150687	0.869000000
0.113132778	0.000149427	0.870000000
-0.090554563	0.000151194	0.871000000
-0.291815761	0.000149573	0.872000000
-0.491937009	0.000149629	0.873000000
-0.689797105	0.000148297	0.874000000
-0.878878836	0.000150818	0.875000000
-1.061735838	0.000150499	0.876000000
-1.237959381	0.000149495	0.877000000
-1.405018325	0.000151536	0.878000000
-1.559856553	0.000150577	0.879000000
-1.703985249	0.000148467	0.880000000
-1.836028225	0.000148115	0.881000000
-1.951860659	0.000151089	0.882000000
-2.054234931	0.000148786	0.883000000
-2.140908641	0.000151867	0.884000000
-2.210981826	0.000150612	0.885000000
-2.264600731	0.000151584	0.886000000
-2.300340418	0.000153863	0.887000000
-2.319993308	0.000153890	0.888000000
-2.320754525	0.000152514	0.889000000
-2.303565277	0.000153795	0.890000000
-2.270780461	0.000153813	0.891000000
-2.219632697	0.000154170	0.892000000
-2.152116900	0.000152615	0.893000000
-2.068720548	0.000152254	0.894000000
-1.968614926	0.000153315	0.895000000
-1.853674953	0.000152260	0.896000000
-1.725299317	0.000154993	0.897000000
-1.583638013	0.000155532	0.898000000
-1.429890987	0.000153628	0.899000000
-1.266780621	0.000151006	0.900000000
-1.094284415	0.000149230	0.901000000
-0.913861056	0.000152120	0.902000000
-0.726054270	0.000150729	0.903000000
-0.531621523	0.000148726	0.904000000
-0.335118867	0.000150005	0.905000000
-0.135541346	0.000152084	0.906000000
0.066154833	0.000150344	0.907000000
0.264734898	0.000148366	0.908000000
0.461462544	0.000149871	0.909000000
0.654594097	0.000150657	0.910000000
0.842273389	0.000149087	0.911000000
1.023709204	0.000150562	0.912000000
1.195639185	0.000149996	0.913000000
1.360189488	0.000148616	0.914000000
1.513662776	0.000147838	0.915000000
1.653779148	0.000149057	0.916000000
1.782293527	0.000152174	0.917000000
1.896176047	0.000152397	0.918000000
1.995430456	0.000149468	0.919000000
2.079501779	0.000151119	0.920000000
2.147917537	0.000153637	0.921000000
2.200197750	0.000153223	0.922000000
2.235086224	0.000152674	0.923000000
2.252200476	0.000154421	0.924000000
2.251862991	0.000154486	0.925000000
2.235487457	0.000152210	0.926000000
2.200992715	0.000155744	0.927000000
2.148645005	0.000153512	0.928000000
2.080664228	0.000153279	0.929000000
1.996604154	0.000152365	0.930000000
1.897683481	0.000154832	0.931000000
1.783838460	0.000153604	0.932000000
1.655822809	0.000152874	0.933000000
1.514971469	0.000150282	0.934000000
1.362023158	0.000150368	0.935000000
1.198729050	0.000150711	0.936000000
1.025321634	0.000150967	0.937000000
0.844857026	0.000150341	0.938000000
0.658377682	0.000150088	0.939000000
0.466686066	0.000150943	0.940000000
0.271405856	0.000149993	0.941000000
0.073234523	0.000149409	0.942000000
-0.124063098	0.000148649	0.943000000
-0.321540711	0.000150011	0.944000000
-0.516397189	0.000150040	0.945000000
-0.706888858	0.000151429	0.946000000
-0.892828226	0.000148908	0.947000000
-1.070131721	0.000147931	0.948000000
-1.241382981	0.000149331	0.949000000
-1.402333442	0.000149176	0.950000000
-1.551445671	0.000150994	0.951000000
-1.691003317	0.000152672	0.952000000
-1.816187842	0.000153023	0.953000000
-1.927040494	0.000151188	0.954000000
-2.024228744	0.000152975	0.955000000
-2.105521438	0.000153741	0.956000000
-2.170224858	0.000152362	0.957000000
-2.219321461	0.000151039	0.958000000
-2.251633798	0.000152511	0.959000000
-2.267244365	0.000154781	0.960000000
-2.265050711	0.000153172	0.961000000
-2.245221578	0.000153455	0.962000000
-2.210588093	0.000154382	0.963000000
-2.157190428	0.000152943	0.964000000
-2.087784714	0.000154945	0.965000000
-2.004973336	0.000153357	0.966000000
-1.905051456	0.000153625	0.967000000
-1.790861450	0.000152087	0.968000000
-1.663775758	0.000152585	0.969000000
-1.524420603	0.000152785	0.970000000
-1.372893480	0.000152588	0.971000000
-1.210218094	0.000149868	0.972000000
-1.039945541	0.000150374	0.973000000
-0.861738335	0.000150994	0.974000000
-0.676117704	0.000149942	0.975000000
-0.485738530	0.000148881	0.976000000
-0.293060707	0.000148789	0.977000000
-0.098297975	0.000150195	0.978000000
0.097582209	0.000149805	0.979000000
0.292206197	0.000150425	0.980000000
0.484107804	0.000151092	0.981000000
0.672030835	0.000147788	0.982000000
0.854224117	0.000148136	0.983000000
1.029510200	0.000150699	0.984000000
1.197892836	0.000149826	0.985000000
1.356649643	0.000151417	0.986000000
1.503331978	0.000151283	0.987000000
1.638933547	0.000150681	0.988000000
1.762828129	0.000152761	0.989000000
1.870549667	0.000154060	0.990000000
1.964790546	0.000152531	0.991000000
2.047125695	0.000152415	0.992000000
2.110490424	0.000153980	0.993000000
2.157123384	0.000153118	0.994000000
2.189386973	0.000154379	0.995000000
2.202226411	0.000152323	0.996000000
2.198964054	0.000152666	0.997000000
2.180004883	0.000152961	0.998000000
2.142199037	0.000154900	0.999000000
