   y(mm)   u(m/s)
   0.0000000e+00   0.0000000e+00
   5.8112506e-03   3.3200000e-03
   1.1622501e-02   6.6399996e-03
   1.7433752e-02   9.9599981e-03
   2.3245002e-02   1.3279994e-02
   2.9056253e-02   1.6599986e-02
   3.4867503e-02   1.9919970e-02
   4.0678754e-02   2.3239945e-02
   4.6490005e-02   2.6559906e-02
   5.2301255e-02   2.9879849e-02
   5.8112506e-02   3.3199770e-02
   6.3923756e-02   3.6519664e-02
   6.9735007e-02   3.9839525e-02
   7.5546258e-02   4.3159346e-02
   8.1357508e-02   4.6479121e-02
   8.7168759e-02   4.9798841e-02
   9.2980009e-02   5.3118500e-02
   9.8791260e-02   5.6438088e-02
   1.0460251e-01   5.9757597e-02
   1.1041376e-01   6.3077016e-02
   1.1622501e-01   6.6396335e-02
   1.2203626e-01   6.9715544e-02
   1.2784751e-01   7.3034631e-02
   1.3365876e-01   7.6353585e-02
   1.3947001e-01   7.9672393e-02
   1.4528126e-01   8.2991042e-02
   1.5109252e-01   8.6309518e-02
   1.5690377e-01   8.9627809e-02
   1.6271502e-01   9.2945898e-02
   1.6852627e-01   9.6263771e-02
   1.7433752e-01   9.9581412e-02
   1.8014877e-01   1.0289881e-01
   1.8596002e-01   1.0621593e-01
   1.9177127e-01   1.0953278e-01
   1.9758252e-01   1.1284933e-01
   2.0339377e-01   1.1616556e-01
   2.0920502e-01   1.1948145e-01
   2.1501627e-01   1.2279698e-01
   2.2082752e-01   1.2611214e-01
   2.2663877e-01   1.2942690e-01
   2.3245002e-01   1.3274124e-01
   2.3826127e-01   1.3605515e-01
   2.4407252e-01   1.3936859e-01
   2.4988377e-01   1.4268154e-01
   2.5569503e-01   1.4599399e-01
   2.6150628e-01   1.4930591e-01
   2.6731753e-01   1.5261727e-01
   2.7312878e-01   1.5592804e-01
   2.7894003e-01   1.5923822e-01
   2.8475128e-01   1.6254779e-01
   2.9056253e-01   1.6585671e-01
   2.9637378e-01   1.6916497e-01
   3.0218503e-01   1.7247252e-01
   3.0799628e-01   1.7577935e-01
   3.1380753e-01   1.7908542e-01
   3.1961878e-01   1.8239069e-01
   3.2543003e-01   1.8569514e-01
   3.3124128e-01   1.8899874e-01
   3.3705253e-01   1.9230145e-01
   3.4286378e-01   1.9560324e-01
   3.4867503e-01   1.9890408e-01
   3.5448629e-01   2.0220393e-01
   3.6029754e-01   2.0550276e-01
   3.6610879e-01   2.0880054e-01
   3.7192004e-01   2.1209723e-01
   3.7773129e-01   2.1539279e-01
   3.8354254e-01   2.1868719e-01
   3.8935379e-01   2.2198039e-01
   3.9516504e-01   2.2527236e-01
   4.0097629e-01   2.2856306e-01
   4.0678754e-01   2.3185245e-01
   4.1259879e-01   2.3514050e-01
   4.1841004e-01   2.3842716e-01
   4.2422129e-01   2.4171240e-01
   4.3003254e-01   2.4499618e-01
   4.3584379e-01   2.4827846e-01
   4.4165504e-01   2.5155920e-01
   4.4746629e-01   2.5483836e-01
   4.5327755e-01   2.5811590e-01
   4.5908880e-01   2.6139177e-01
   4.6490005e-01   2.6466594e-01
   4.7071130e-01   2.6793837e-01
   4.7652255e-01   2.7120901e-01
   4.8233380e-01   2.7447782e-01
   4.8814505e-01   2.7774475e-01
   4.9395630e-01   2.8100977e-01
   4.9976755e-01   2.8427282e-01
   5.0557880e-01   2.8753387e-01
   5.1139005e-01   2.9079287e-01
   5.1720130e-01   2.9404978e-01
   5.2301255e-01   2.9730454e-01
   5.2882380e-01   3.0055711e-01
   5.3463505e-01   3.0380746e-01
   5.4044630e-01   3.0705552e-01
   5.4625755e-01   3.1030125e-01
   5.5206881e-01   3.1354461e-01
   5.5788006e-01   3.1678554e-01
   5.6369131e-01   3.2002400e-01
   5.6950256e-01   3.2325994e-01
   5.7531381e-01   3.2649331e-01
   5.8112506e-01   3.2972406e-01
   5.8693631e-01   3.3295213e-01
   5.9274756e-01   3.3617749e-01
   5.9855881e-01   3.3940008e-01
   6.0437006e-01   3.4261984e-01
   6.1018131e-01   3.4583672e-01
   6.1599256e-01   3.4905068e-01
   6.2180381e-01   3.5226165e-01
   6.2761506e-01   3.5546960e-01
   6.3342631e-01   3.5867445e-01
   6.3923756e-01   3.6187617e-01
   6.4504881e-01   3.6507469e-01
   6.5086007e-01   3.6826995e-01
   6.5667132e-01   3.7146192e-01
   6.6248257e-01   3.7465052e-01
   6.6829382e-01   3.7783571e-01
   6.7410507e-01   3.8101742e-01
   6.7991632e-01   3.8419560e-01
   6.8572757e-01   3.8737019e-01
   6.9153882e-01   3.9054114e-01
   6.9735007e-01   3.9370839e-01
   7.0316132e-01   3.9687187e-01
   7.0897257e-01   4.0003153e-01
   7.1478382e-01   4.0318731e-01
   7.2059507e-01   4.0633916e-01
   7.2640632e-01   4.0948703e-01
   7.3221757e-01   4.1263096e-01
   7.3802882e-01   4.1577090e-01
   7.4384007e-01   4.1890677e-01
   7.4965132e-01   4.2203849e-01
   7.5546258e-01   4.2516601e-01
   7.6127383e-01   4.2828924e-01
   7.6708508e-01   4.3140812e-01
   7.7289633e-01   4.3452258e-01
   7.7870758e-01   4.3763255e-01
   7.8451883e-01   4.4073796e-01
   7.9033008e-01   4.4383874e-01
   7.9614133e-01   4.4693481e-01
   8.0195258e-01   4.5002612e-01
   8.0776383e-01   4.5311259e-01
   8.1357508e-01   4.5619416e-01
   8.1938633e-01   4.5927075e-01
   8.2519758e-01   4.6234230e-01
   8.3100883e-01   4.6540874e-01
   8.3682008e-01   4.6847000e-01
   8.4263133e-01   4.7152602e-01
   8.4844258e-01   4.7457673e-01
   8.5425384e-01   4.7762206e-01
   8.6006509e-01   4.8066195e-01
   8.6587634e-01   4.8369633e-01
   8.7168759e-01   4.8672513e-01
   8.7749884e-01   4.8974828e-01
   8.8331009e-01   4.9276573e-01
   8.8912134e-01   4.9577741e-01
   8.9493259e-01   4.9878325e-01
   9.0074384e-01   5.0178318e-01
   9.0655509e-01   5.0477715e-01
   9.1236634e-01   5.0776508e-01
   9.1817759e-01   5.1074692e-01
   9.2398884e-01   5.1372259e-01
   9.2980009e-01   5.1669204e-01
   9.3561134e-01   5.1965521e-01
   9.4142259e-01   5.2261202e-01
   9.4723384e-01   5.2556241e-01
   9.5304510e-01   5.2850633e-01
   9.5885635e-01   5.3144371e-01
   9.6466760e-01   5.3437449e-01
   9.7047885e-01   5.3729861e-01
   9.7629010e-01   5.4021599e-01
   9.8210135e-01   5.4312659e-01
   9.8791260e-01   5.4603034e-01
   9.9372385e-01   5.4892718e-01
   9.9953510e-01   5.5181705e-01
   1.0053464e+00   5.5469989e-01
   1.0111576e+00   5.5757563e-01
   1.0169689e+00   5.6044422e-01
   1.0227801e+00   5.6330560e-01
   1.0285914e+00   5.6615971e-01
   1.0344026e+00   5.6900648e-01
   1.0402139e+00   5.7184586e-01
   1.0460251e+00   5.7467779e-01
   1.0518364e+00   5.7750221e-01
   1.0576476e+00   5.8031907e-01
   1.0634589e+00   5.8312829e-01
   1.0692701e+00   5.8592983e-01
   1.0750814e+00   5.8872363e-01
   1.0808926e+00   5.9150963e-01
   1.0867039e+00   5.9428777e-01
   1.0925151e+00   5.9705799e-01
   1.0983264e+00   5.9982025e-01
   1.1041376e+00   6.0257447e-01
   1.1099489e+00   6.0532061e-01
   1.1157601e+00   6.0805860e-01
   1.1215714e+00   6.1078840e-01
   1.1273826e+00   6.1350994e-01
   1.1331939e+00   6.1622318e-01
   1.1390051e+00   6.1892805e-01
   1.1448164e+00   6.2162449e-01
   1.1506276e+00   6.2431247e-01
   1.1564389e+00   6.2699191e-01
   1.1622501e+00   6.2966277e-01
   1.1680614e+00   6.3232499e-01
   1.1738726e+00   6.3497852e-01
   1.1796839e+00   6.3762330e-01
   1.1854951e+00   6.4025928e-01
   1.1913064e+00   6.4288641e-01
   1.1971176e+00   6.4550464e-01
   1.2029289e+00   6.4811390e-01
   1.2087401e+00   6.5071415e-01
   1.2145514e+00   6.5330534e-01
   1.2203626e+00   6.5588741e-01
   1.2261739e+00   6.5846032e-01
   1.2319851e+00   6.6102400e-01
   1.2377964e+00   6.6357841e-01
   1.2436076e+00   6.6612351e-01
   1.2494189e+00   6.6865922e-01
   1.2552301e+00   6.7118551e-01
   1.2610414e+00   6.7370233e-01
   1.2668526e+00   6.7620963e-01
   1.2726639e+00   6.7870734e-01
   1.2784751e+00   6.8119544e-01
   1.2842864e+00   6.8367385e-01
   1.2900976e+00   6.8614255e-01
   1.2959089e+00   6.8860147e-01
   1.3017201e+00   6.9105057e-01
   1.3075314e+00   6.9348981e-01
   1.3133426e+00   6.9591916e-01
   1.3191539e+00   6.9833859e-01
   1.3249651e+00   7.0074804e-01
   1.3307764e+00   7.0314748e-01
   1.3365876e+00   7.0553685e-01
   1.3423989e+00   7.0791610e-01
   1.3482101e+00   7.1028521e-01
   1.3540214e+00   7.1264411e-01
   1.3598326e+00   7.1499277e-01
   1.3656439e+00   7.1733115e-01
   1.3714551e+00   7.1965921e-01
   1.3772664e+00   7.2197690e-01
   1.3830776e+00   7.2428419e-01
   1.3888889e+00   7.2658104e-01
   1.3947001e+00   7.2886741e-01
   1.4005114e+00   7.3114326e-01
   1.4063226e+00   7.3340856e-01
   1.4121339e+00   7.3566328e-01
   1.4179451e+00   7.3790737e-01
   1.4237564e+00   7.4014081e-01
   1.4295676e+00   7.4236356e-01
   1.4353789e+00   7.4457559e-01
   1.4411901e+00   7.4677687e-01
   1.4470014e+00   7.4896736e-01
   1.4528126e+00   7.5114704e-01
   1.4586239e+00   7.5331589e-01
   1.4644351e+00   7.5547386e-01
   1.4702464e+00   7.5762094e-01
   1.4760576e+00   7.5975709e-01
   1.4818689e+00   7.6188230e-01
   1.4876801e+00   7.6399654e-01
   1.4934914e+00   7.6609977e-01
   1.4993026e+00   7.6819199e-01
   1.5051139e+00   7.7027316e-01
   1.5109252e+00   7.7234327e-01
   1.5167364e+00   7.7440229e-01
   1.5225477e+00   7.7645021e-01
   1.5283589e+00   7.7848700e-01
   1.5341702e+00   7.8051264e-01
   1.5399814e+00   7.8252713e-01
   1.5457927e+00   7.8453044e-01
   1.5516039e+00   7.8652255e-01
   1.5574152e+00   7.8850346e-01
   1.5632264e+00   7.9047313e-01
   1.5690377e+00   7.9243158e-01
   1.5748489e+00   7.9437877e-01
   1.5806602e+00   7.9631469e-01
   1.5864714e+00   7.9823935e-01
   1.5922827e+00   8.0015271e-01
   1.5980939e+00   8.0205479e-01
   1.6039052e+00   8.0394556e-01
   1.6097164e+00   8.0582501e-01
   1.6155277e+00   8.0769315e-01
   1.6213389e+00   8.0954997e-01
   1.6271502e+00   8.1139545e-01
   1.6329614e+00   8.1322959e-01
   1.6387727e+00   8.1505240e-01
   1.6445839e+00   8.1686386e-01
   1.6503952e+00   8.1866398e-01
   1.6562064e+00   8.2045274e-01
   1.6620177e+00   8.2223016e-01
   1.6678289e+00   8.2399623e-01
   1.6736402e+00   8.2575095e-01
   1.6794514e+00   8.2749432e-01
   1.6852627e+00   8.2922635e-01
   1.6910739e+00   8.3094704e-01
   1.6968852e+00   8.3265639e-01
   1.7026964e+00   8.3435440e-01
   1.7085077e+00   8.3604109e-01
   1.7143189e+00   8.3771646e-01
   1.7201302e+00   8.3938051e-01
   1.7259414e+00   8.4103325e-01
   1.7317527e+00   8.4267470e-01
   1.7375639e+00   8.4430486e-01
   1.7433752e+00   8.4592374e-01
   1.7491864e+00   8.4753135e-01
   1.7549977e+00   8.4912771e-01
   1.7608089e+00   8.5071282e-01
   1.7666202e+00   8.5228671e-01
   1.7724314e+00   8.5384938e-01
   1.7782427e+00   8.5540085e-01
   1.7840539e+00   8.5694113e-01
   1.7898652e+00   8.5847025e-01
   1.7956764e+00   8.5998821e-01
   1.8014877e+00   8.6149505e-01
   1.8072989e+00   8.6299077e-01
   1.8131102e+00   8.6447539e-01
   1.8189214e+00   8.6594895e-01
   1.8247327e+00   8.6741145e-01
   1.8305439e+00   8.6886293e-01
   1.8363552e+00   8.7030339e-01
   1.8421664e+00   8.7173288e-01
   1.8479777e+00   8.7315141e-01
   1.8537889e+00   8.7455900e-01
   1.8596002e+00   8.7595569e-01
   1.8654114e+00   8.7734150e-01
   1.8712227e+00   8.7871646e-01
   1.8770339e+00   8.8008060e-01
   1.8828452e+00   8.8143394e-01
   1.8886564e+00   8.8277653e-01
   1.8944677e+00   8.8410843e-01
   1.9002789e+00   8.8542968e-01
   1.9060902e+00   8.8674028e-01
   1.9119014e+00   8.8804028e-01
   1.9177127e+00   8.8932970e-01
   1.9235239e+00   8.9060857e-01
   1.9293352e+00   8.9187691e-01
   1.9351464e+00   8.9313475e-01
   1.9409577e+00   8.9438212e-01
   1.9467689e+00   8.9561905e-01
   1.9525802e+00   8.9684556e-01
   1.9583914e+00   8.9806170e-01
   1.9642027e+00   8.9926749e-01
   1.9700139e+00   9.0046295e-01
   1.9758252e+00   9.0164813e-01
   1.9816364e+00   9.0282305e-01
   1.9874477e+00   9.0398775e-01
   1.9932589e+00   9.0514226e-01
   1.9990702e+00   9.0628661e-01
   2.0048815e+00   9.0742084e-01
   2.0106927e+00   9.0854498e-01
   2.0165040e+00   9.0965906e-01
   2.0223152e+00   9.1076313e-01
   2.0281265e+00   9.1185721e-01
   2.0339377e+00   9.1294135e-01
   2.0397490e+00   9.1401558e-01
   2.0455602e+00   9.1507994e-01
   2.0513715e+00   9.1613447e-01
   2.0571827e+00   9.1717920e-01
   2.0629940e+00   9.1821418e-01
   2.0688052e+00   9.1923944e-01
   2.0746165e+00   9.2025502e-01
   2.0804277e+00   9.2126096e-01
   2.0862390e+00   9.2225731e-01
   2.0920502e+00   9.2324411e-01
   2.0978615e+00   9.2422139e-01
   2.1036727e+00   9.2518920e-01
   2.1094840e+00   9.2614759e-01
   2.1152952e+00   9.2709659e-01
   2.1211065e+00   9.2803625e-01
   2.1269177e+00   9.2896662e-01
   2.1327290e+00   9.2988774e-01
   2.1385402e+00   9.3079965e-01
   2.1443515e+00   9.3170240e-01
   2.1501627e+00   9.3259603e-01
   2.1559740e+00   9.3348060e-01
   2.1617852e+00   9.3435615e-01
   2.1675965e+00   9.3522273e-01
   2.1734077e+00   9.3608039e-01
   2.1792190e+00   9.3692917e-01
   2.1850302e+00   9.3776912e-01
   2.1908415e+00   9.3860030e-01
   2.1966527e+00   9.3942275e-01
   2.2024640e+00   9.4023653e-01
   2.2082752e+00   9.4104169e-01
   2.2140865e+00   9.4183827e-01
   2.2198977e+00   9.4262633e-01
   2.2257090e+00   9.4340593e-01
   2.2315202e+00   9.4417711e-01
   2.2373315e+00   9.4493993e-01
   2.2431427e+00   9.4569445e-01
   2.2489540e+00   9.4644071e-01
   2.2547652e+00   9.4717878e-01
   2.2605765e+00   9.4790870e-01
   2.2663877e+00   9.4863055e-01
   2.2721990e+00   9.4934436e-01
   2.2780102e+00   9.5005020e-01
   2.2838215e+00   9.5074813e-01
   2.2896327e+00   9.5143820e-01
   2.2954440e+00   9.5212048e-01
   2.3012552e+00   9.5279502e-01
   2.3070665e+00   9.5346188e-01
   2.3128777e+00   9.5412112e-01
   2.3186890e+00   9.5477280e-01
   2.3245002e+00   9.5541699e-01
   2.3303115e+00   9.5605374e-01
   2.3361227e+00   9.5668312e-01
   2.3419340e+00   9.5730519e-01
   2.3477452e+00   9.5792001e-01
   2.3535565e+00   9.5852765e-01
   2.3593677e+00   9.5912817e-01
   2.3651790e+00   9.5972163e-01
   2.3709902e+00   9.6030810e-01
   2.3768015e+00   9.6088764e-01
   2.3826127e+00   9.6146033e-01
   2.3884240e+00   9.6202622e-01
   2.3942352e+00   9.6258538e-01
   2.4000465e+00   9.6313789e-01
   2.4058577e+00   9.6368381e-01
   2.4116690e+00   9.6422320e-01
   2.4174802e+00   9.6475614e-01
   2.4232915e+00   9.6528270e-01
   2.4291027e+00   9.6580294e-01
   2.4349140e+00   9.6631694e-01
   2.4407252e+00   9.6682477e-01
   2.4465365e+00   9.6732649e-01
   2.4523477e+00   9.6782218e-01
   2.4581590e+00   9.6831192e-01
   2.4639702e+00   9.6879577e-01
   2.4697815e+00   9.6927376e-01
   2.4755927e+00   9.6974577e-01
   2.4814040e+00   9.7021183e-01
   2.4872152e+00   9.7067200e-01
   2.4930265e+00   9.7112632e-01
   2.4988377e+00   9.7157484e-01
   2.5046490e+00   9.7201760e-01
   2.5104603e+00   9.7245466e-01
   2.5162715e+00   9.7288607e-01
   2.5220828e+00   9.7331187e-01
   2.5278940e+00   9.7373210e-01
   2.5337053e+00   9.7414683e-01
   2.5395165e+00   9.7455610e-01
   2.5453278e+00   9.7495995e-01
   2.5511390e+00   9.7535843e-01
   2.5569503e+00   9.7575160e-01
   2.5627615e+00   9.7613950e-01
   2.5685728e+00   9.7652219e-01
   2.5743840e+00   9.7689970e-01
   2.5801953e+00   9.7727209e-01
   2.5860065e+00   9.7763940e-01
   2.5918178e+00   9.7800170e-01
   2.5976290e+00   9.7835901e-01
   2.6034403e+00   9.7871140e-01
   2.6092515e+00   9.7905892e-01
   2.6150628e+00   9.7940160e-01
   2.6208740e+00   9.7973951e-01
   2.6266853e+00   9.8007268e-01
   2.6324965e+00   9.8040118e-01
   2.6383078e+00   9.8072504e-01
   2.6441190e+00   9.8104432e-01
   2.6499303e+00   9.8135907e-01
   2.6557415e+00   9.8166933e-01
   2.6615528e+00   9.8197515e-01
   2.6673640e+00   9.8227660e-01
   2.6731753e+00   9.8257370e-01
   2.6789865e+00   9.8286652e-01
   2.6847978e+00   9.8315510e-01
   2.6906090e+00   9.8343950e-01
   2.6964203e+00   9.8371975e-01
   2.7022315e+00   9.8399592e-01
   2.7080428e+00   9.8426805e-01
   2.7138540e+00   9.8453619e-01
   2.7196653e+00   9.8480039e-01
   2.7254765e+00   9.8506070e-01
   2.7312878e+00   9.8531717e-01
   2.7370990e+00   9.8556985e-01
   2.7429103e+00   9.8581879e-01
   2.7487215e+00   9.8606404e-01
   2.7545328e+00   9.8630565e-01
   2.7603440e+00   9.8654367e-01
   2.7661553e+00   9.8677815e-01
   2.7719665e+00   9.8700914e-01
   2.7777778e+00   9.8723669e-01
   2.7835890e+00   9.8746085e-01
   2.7894003e+00   9.8768166e-01
   2.7952115e+00   9.8789916e-01
   2.8010228e+00   9.8811338e-01
   2.8068340e+00   9.8832435e-01
   2.8126453e+00   9.8853210e-01
   2.8184565e+00   9.8873668e-01
   2.8242678e+00   9.8893810e-01
   2.8300790e+00   9.8913641e-01
   2.8358903e+00   9.8933164e-01
   2.8417015e+00   9.8952381e-01
   2.8475128e+00   9.8971297e-01
   2.8533240e+00   9.8989914e-01
   2.8591353e+00   9.9008237e-01
   2.8649465e+00   9.9026267e-01
   2.8707578e+00   9.9044010e-01
   2.8765690e+00   9.9061467e-01
   2.8823803e+00   9.9078642e-01
   2.8881915e+00   9.9095539e-01
   2.8940028e+00   9.9112161e-01
   2.8998140e+00   9.9128511e-01
   2.9056253e+00   9.9144592e-01
   2.9114365e+00   9.9160408e-01
   2.9172478e+00   9.9175963e-01
   2.9230590e+00   9.9191259e-01
   2.9288703e+00   9.9206299e-01
   2.9346815e+00   9.9221088e-01
   2.9404928e+00   9.9235629e-01
   2.9463040e+00   9.9249924e-01
   2.9521153e+00   9.9263978e-01
   2.9579265e+00   9.9277793e-01
   2.9637378e+00   9.9291373e-01
   2.9695490e+00   9.9304722e-01
   2.9753603e+00   9.9317842e-01
   2.9811715e+00   9.9330737e-01
   2.9869828e+00   9.9343410e-01
   2.9927940e+00   9.9355865e-01
   2.9986053e+00   9.9368105e-01
   3.0044166e+00   9.9380134e-01
   3.0102278e+00   9.9391954e-01
   3.0160391e+00   9.9403570e-01
   3.0218503e+00   9.9414984e-01
   3.0276616e+00   9.9426200e-01
   3.0334728e+00   9.9437222e-01
   3.0392841e+00   9.9448052e-01
   3.0450953e+00   9.9458694e-01
   3.0509066e+00   9.9469152e-01
   3.0567178e+00   9.9479428e-01
   3.0625291e+00   9.9489527e-01
   3.0683403e+00   9.9499451e-01
   3.0741516e+00   9.9509204e-01
   3.0799628e+00   9.9518790e-01
   3.0857741e+00   9.9528211e-01
   3.0915853e+00   9.9537472e-01
   3.0973966e+00   9.9546575e-01
   3.1032078e+00   9.9555523e-01
   3.1090191e+00   9.9564314e-01
   3.1148303e+00   9.9572951e-01
   3.1206416e+00   9.9581435e-01
   3.1264528e+00   9.9589769e-01
   3.1322641e+00   9.9597954e-01
   3.1380753e+00   9.9605991e-01
   3.1438866e+00   9.9613883e-01
   3.1496978e+00   9.9621632e-01
   3.1555091e+00   9.9629240e-01
   3.1613203e+00   9.9636708e-01
   3.1671316e+00   9.9644038e-01
   3.1729428e+00   9.9651233e-01
   3.1787541e+00   9.9658293e-01
   3.1845653e+00   9.9665222e-01
   3.1903766e+00   9.9672020e-01
   3.1961878e+00   9.9678690e-01
   3.2019991e+00   9.9685233e-01
   3.2078103e+00   9.9691652e-01
   3.2136216e+00   9.9697948e-01
   3.2194328e+00   9.9704123e-01
   3.2252441e+00   9.9710179e-01
   3.2310553e+00   9.9716118e-01
   3.2368666e+00   9.9721942e-01
   3.2426778e+00   9.9727652e-01
   3.2484891e+00   9.9733251e-01
   3.2543003e+00   9.9738740e-01
   3.2601116e+00   9.9744121e-01
   3.2659228e+00   9.9749396e-01
   3.2717341e+00   9.9754567e-01
   3.2775453e+00   9.9759636e-01
   3.2833566e+00   9.9764604e-01
   3.2891678e+00   9.9769474e-01
   3.2949791e+00   9.9774248e-01
   3.3007903e+00   9.9778926e-01
   3.3066016e+00   9.9783512e-01
   3.3124128e+00   9.9788007e-01
   3.3182241e+00   9.9792412e-01
   3.3240353e+00   9.9796730e-01
   3.3298466e+00   9.9800963e-01
   3.3356578e+00   9.9805112e-01
   3.3414691e+00   9.9809179e-01
   3.3472803e+00   9.9813166e-01
   3.3530916e+00   9.9817075e-01
   3.3589028e+00   9.9820909e-01
   3.3647141e+00   9.9824667e-01
   3.3705253e+00   9.9828354e-01
   3.3763366e+00   9.9831969e-01
   3.3821478e+00   9.9835516e-01
   3.3879591e+00   9.9838995e-01
   3.3937703e+00   9.9842404e-01
   3.3995816e+00   9.9845745e-01
   3.4053928e+00   9.9849019e-01
   3.4112041e+00   9.9852227e-01
   3.4170153e+00   9.9855370e-01
   3.4228266e+00   9.9858448e-01
   3.4286378e+00   9.9861464e-01
   3.4344491e+00   9.9864417e-01
   3.4402603e+00   9.9867309e-01
   3.4460716e+00   9.9870140e-01
   3.4518828e+00   9.9872913e-01
   3.4576941e+00   9.9875627e-01
   3.4635053e+00   9.9878283e-01
   3.4693166e+00   9.9880884e-01
   3.4751278e+00   9.9883429e-01
   3.4809391e+00   9.9885920e-01
   3.4867503e+00   9.9888357e-01
   3.4925616e+00   9.9890742e-01
   3.4983728e+00   9.9893075e-01
   3.5041841e+00   9.9895358e-01
   3.5099954e+00   9.9897592e-01
   3.5158066e+00   9.9899776e-01
   3.5216179e+00   9.9901913e-01
   3.5274291e+00   9.9904004e-01
   3.5332404e+00   9.9906048e-01
   3.5390516e+00   9.9908048e-01
   3.5448629e+00   9.9910003e-01
   3.5506741e+00   9.9911916e-01
   3.5564854e+00   9.9913787e-01
   3.5622966e+00   9.9915616e-01
   3.5681079e+00   9.9917406e-01
   3.5739191e+00   9.9919156e-01
   3.5797304e+00   9.9920868e-01
   3.5855416e+00   9.9922543e-01
   3.5913529e+00   9.9924181e-01
   3.5971641e+00   9.9925783e-01
   3.6029754e+00   9.9927351e-01
   3.6087866e+00   9.9928885e-01
   3.6145979e+00   9.9930386e-01
   3.6204091e+00   9.9931855e-01
   3.6262204e+00   9.9933293e-01
   3.6320316e+00   9.9934700e-01
   3.6378429e+00   9.9936076e-01
   3.6436541e+00   9.9937422e-01
   3.6494654e+00   9.9938738e-01
   3.6552766e+00   9.9940024e-01
   3.6610879e+00   9.9941282e-01
   3.6668991e+00   9.9942511e-01
   3.6727104e+00   9.9943712e-01
   3.6785216e+00   9.9944886e-01
   3.6843329e+00   9.9946034e-01
   3.6901441e+00   9.9947154e-01
   3.6959554e+00   9.9948249e-01
   3.7017666e+00   9.9949319e-01
   3.7075779e+00   9.9950364e-01
   3.7133891e+00   9.9951384e-01
   3.7192004e+00   9.9952381e-01
   3.7250116e+00   9.9953354e-01
   3.7308229e+00   9.9954304e-01
   3.7366341e+00   9.9955232e-01
   3.7424454e+00   9.9956138e-01
   3.7482566e+00   9.9957022e-01
   3.7540679e+00   9.9957885e-01
   3.7598791e+00   9.9958728e-01
   3.7656904e+00   9.9959551e-01
   3.7715016e+00   9.9960354e-01
   3.7773129e+00   9.9961137e-01
   3.7831241e+00   9.9961903e-01
   3.7889354e+00   9.9962650e-01
   3.7947466e+00   9.9963379e-01
   3.8005579e+00   9.9964091e-01
   3.8063691e+00   9.9964786e-01
   3.8121804e+00   9.9965464e-01
   3.8179916e+00   9.9966127e-01
   3.8238029e+00   9.9966774e-01
   3.8296141e+00   9.9967406e-01
   3.8354254e+00   9.9968024e-01
   3.8412366e+00   9.9968627e-01
   3.8470479e+00   9.9969216e-01
   3.8528591e+00   9.9969791e-01
   3.8586704e+00   9.9970352e-01
   3.8644816e+00   9.9970900e-01
   3.8702929e+00   9.9971435e-01
   3.8761041e+00   9.9971956e-01
   3.8819154e+00   9.9972465e-01
   3.8877266e+00   9.9972962e-01
   3.8935379e+00   9.9973446e-01
   3.8993491e+00   9.9973918e-01
   3.9051604e+00   9.9974379e-01
   3.9109716e+00   9.9974828e-01
   3.9167829e+00   9.9975266e-01
   3.9225941e+00   9.9975693e-01
   3.9284054e+00   9.9976109e-01
   3.9342166e+00   9.9976514e-01
   3.9400279e+00   9.9976910e-01
   3.9458391e+00   9.9977295e-01
   3.9516504e+00   9.9977670e-01
   3.9574616e+00   9.9978036e-01
   3.9632729e+00   9.9978393e-01
   3.9690841e+00   9.9978740e-01
   3.9748954e+00   9.9979079e-01
   3.9807066e+00   9.9979409e-01
   3.9865179e+00   9.9979730e-01
   3.9923291e+00   9.9980044e-01
   3.9981404e+00   9.9980349e-01
   4.0039517e+00   9.9980646e-01
   4.0097629e+00   9.9980937e-01
   4.0155742e+00   9.9981219e-01
   4.0213854e+00   9.9981495e-01
   4.0271967e+00   9.9981764e-01
   4.0330079e+00   9.9982026e-01
   4.0388192e+00   9.9982281e-01
   4.0446304e+00   9.9982531e-01
   4.0504417e+00   9.9982774e-01
   4.0562529e+00   9.9983010e-01
   4.0620642e+00   9.9983241e-01
   4.0678754e+00   9.9983466e-01
   4.0736867e+00   9.9983685e-01
   4.0794979e+00   9.9983898e-01
   4.0853092e+00   9.9984106e-01
   4.0911204e+00   9.9984308e-01
   4.0969317e+00   9.9984505e-01
   4.1027429e+00   9.9984697e-01
   4.1085542e+00   9.9984883e-01
   4.1143654e+00   9.9985065e-01
   4.1201767e+00   9.9985242e-01
   4.1259879e+00   9.9985414e-01
   4.1317992e+00   9.9985581e-01
   4.1376104e+00   9.9985744e-01
   4.1434217e+00   9.9985902e-01
   4.1492329e+00   9.9986056e-01
   4.1550442e+00   9.9986205e-01
   4.1608554e+00   9.9986351e-01
   4.1666667e+00   9.9986493e-01
   4.1724779e+00   9.9986630e-01
   4.1782892e+00   9.9986764e-01
   4.1841004e+00   9.9986895e-01
   4.1899117e+00   9.9987021e-01
   4.1957229e+00   9.9987145e-01
   4.2015342e+00   9.9987265e-01
   4.2073454e+00   9.9987381e-01
   4.2131567e+00   9.9987495e-01
   4.2189679e+00   9.9987605e-01
   4.2247792e+00   9.9987713e-01
   4.2305904e+00   9.9987818e-01
   4.2364017e+00   9.9987920e-01
   4.2422129e+00   9.9988019e-01
   4.2480242e+00   9.9988116e-01
   4.2538354e+00   9.9988211e-01
   4.2596467e+00   9.9988302e-01
   4.2654579e+00   9.9988392e-01
   4.2712692e+00   9.9988479e-01
   4.2770804e+00   9.9988563e-01
   4.2828917e+00   9.9988646e-01
   4.2887029e+00   9.9988726e-01
   4.2945142e+00   9.9988803e-01
   4.3003254e+00   9.9988879e-01
   4.3061367e+00   9.9988952e-01
   4.3119479e+00   9.9989024e-01
   4.3177592e+00   9.9989093e-01
   4.3235704e+00   9.9989160e-01
   4.3293817e+00   9.9989226e-01
   4.3351929e+00   9.9989289e-01
   4.3410042e+00   9.9989350e-01
   4.3468154e+00   9.9989410e-01
   4.3526267e+00   9.9989468e-01
   4.3584379e+00   9.9989524e-01
   4.3642492e+00   9.9989579e-01
   4.3700604e+00   9.9989631e-01
   4.3758717e+00   9.9989683e-01
   4.3816829e+00   9.9989732e-01
   4.3874942e+00   9.9989781e-01
   4.3933054e+00   9.9989827e-01
   4.3991167e+00   9.9989873e-01
   4.4049279e+00   9.9989917e-01
   4.4107392e+00   9.9989960e-01
   4.4165504e+00   9.9990001e-01
   4.4223617e+00   9.9990042e-01
   4.4281729e+00   9.9990081e-01
   4.4339842e+00   9.9990119e-01
   4.4397954e+00   9.9990156e-01
   4.4456067e+00   9.9990192e-01
   4.4514179e+00   9.9990227e-01
   4.4572292e+00   9.9990261e-01
   4.4630404e+00   9.9990294e-01
   4.4688517e+00   9.9990327e-01
   4.4746629e+00   9.9990358e-01
   4.4804742e+00   9.9990389e-01
   4.4862854e+00   9.9990419e-01
   4.4920967e+00   9.9990448e-01
   4.4979079e+00   9.9990476e-01
   4.5037192e+00   9.9990504e-01
   4.5095305e+00   9.9990531e-01
   4.5153417e+00   9.9990556e-01
   4.5211530e+00   9.9990582e-01
   4.5269642e+00   9.9990606e-01
   4.5327755e+00   9.9990629e-01
   4.5385867e+00   9.9990652e-01
   4.5443980e+00   9.9990675e-01
   4.5502092e+00   9.9990696e-01
   4.5560205e+00   9.9990717e-01
   4.5618317e+00   9.9990737e-01
   4.5676430e+00   9.9990756e-01
   4.5734542e+00   9.9990775e-01
   4.5792655e+00   9.9990793e-01
   4.5850767e+00   9.9990811e-01
   4.5908880e+00   9.9990828e-01
   4.5966992e+00   9.9990844e-01
   4.6025105e+00   9.9990860e-01
   4.6083217e+00   9.9990875e-01
   4.6141330e+00   9.9990890e-01
   4.6199442e+00   9.9990904e-01
   4.6257555e+00   9.9990918e-01
   4.6315667e+00   9.9990931e-01
   4.6373780e+00   9.9990944e-01
   4.6431892e+00   9.9990957e-01
   4.6490005e+00   9.9990969e-01
   4.6548117e+00   9.9990980e-01
   4.6606230e+00   9.9990992e-01
   4.6664342e+00   9.9991003e-01
   4.6722455e+00   9.9991013e-01
   4.6780567e+00   9.9991023e-01
   4.6838680e+00   9.9991033e-01
   4.6896792e+00   9.9991043e-01
   4.6954905e+00   9.9991053e-01
   4.7013017e+00   9.9991062e-01
   4.7071130e+00   9.9991071e-01
   4.7129242e+00   9.9991080e-01
   4.7187355e+00   9.9991089e-01
   4.7245467e+00   9.9991097e-01
   4.7303580e+00   9.9991106e-01
   4.7361692e+00   9.9991114e-01
   4.7419805e+00   9.9991122e-01
   4.7477917e+00   9.9991129e-01
   4.7536030e+00   9.9991137e-01
   4.7594142e+00   9.9991144e-01
   4.7652255e+00   9.9991151e-01
   4.7710367e+00   9.9991158e-01
   4.7768480e+00   9.9991164e-01
   4.7826592e+00   9.9991171e-01
   4.7884705e+00   9.9991177e-01
   4.7942817e+00   9.9991183e-01
   4.8000930e+00   9.9991188e-01
   4.8059042e+00   9.9991194e-01
   4.8117155e+00   9.9991199e-01
   4.8175267e+00   9.9991204e-01
   4.8233380e+00   9.9991209e-01
   4.8291492e+00   9.9991214e-01
   4.8349605e+00   9.9991219e-01
   4.8407717e+00   9.9991223e-01
   4.8465830e+00   9.9991227e-01
   4.8523942e+00   9.9991231e-01
   4.8582055e+00   9.9991235e-01
   4.8640167e+00   9.9991239e-01
   4.8698280e+00   9.9991242e-01
   4.8756392e+00   9.9991245e-01
   4.8814505e+00   9.9991249e-01
   4.8872617e+00   9.9991252e-01
   4.8930730e+00   9.9991255e-01
   4.8988842e+00   9.9991257e-01
   4.9046955e+00   9.9991260e-01
   4.9105067e+00   9.9991263e-01
   4.9163180e+00   9.9991265e-01
   4.9221292e+00   9.9991267e-01
   4.9279405e+00   9.9991270e-01
   4.9337517e+00   9.9991272e-01
   4.9395630e+00   9.9991274e-01
   4.9453742e+00   9.9991276e-01
   4.9511855e+00   9.9991278e-01
   4.9569967e+00   9.9991280e-01
   4.9628080e+00   9.9991282e-01
   4.9686192e+00   9.9991284e-01
   4.9744305e+00   9.9991285e-01
   4.9802417e+00   9.9991287e-01
   4.9860530e+00   9.9991289e-01
   4.9918642e+00   9.9991291e-01
   4.9976755e+00   9.9991293e-01
   5.0034868e+00   9.9991295e-01
   5.0092980e+00   9.9991296e-01
   5.0151093e+00   9.9991298e-01
   5.0209205e+00   9.9991300e-01
   5.0267318e+00   9.9991302e-01
   5.0325430e+00   9.9991303e-01
   5.0383543e+00   9.9991305e-01
   5.0441655e+00   9.9991307e-01
   5.0499768e+00   9.9991308e-01
   5.0557880e+00   9.9991310e-01
   5.0615993e+00   9.9991311e-01
   5.0674105e+00   9.9991313e-01
   5.0732218e+00   9.9991314e-01
   5.0790330e+00   9.9991315e-01
   5.0848443e+00   9.9991317e-01
   5.0906555e+00   9.9991318e-01
   5.0964668e+00   9.9991319e-01
   5.1022780e+00   9.9991320e-01
   5.1080893e+00   9.9991321e-01
   5.1139005e+00   9.9991322e-01
   5.1197118e+00   9.9991323e-01
   5.1255230e+00   9.9991324e-01
   5.1313343e+00   9.9991325e-01
   5.1371455e+00   9.9991326e-01
   5.1429568e+00   9.9991327e-01
   5.1487680e+00   9.9991327e-01
   5.1545793e+00   9.9991328e-01
   5.1603905e+00   9.9991329e-01
   5.1662018e+00   9.9991329e-01
   5.1720130e+00   9.9991330e-01
   5.1778243e+00   9.9991330e-01
   5.1836355e+00   9.9991331e-01
   5.1894468e+00   9.9991331e-01
   5.1952580e+00   9.9991332e-01
   5.2010693e+00   9.9991332e-01
   5.2068805e+00   9.9991332e-01
   5.2126918e+00   9.9991332e-01
   5.2185030e+00   9.9991333e-01
   5.2243143e+00   9.9991333e-01
   5.2301255e+00   9.9991333e-01
   5.2359368e+00   9.9991333e-01
   5.2417480e+00   9.9991333e-01
   5.2475593e+00   9.9991333e-01
   5.2533705e+00   9.9991333e-01
   5.2591818e+00   9.9991334e-01
   5.2649930e+00   9.9991334e-01
   5.2708043e+00   9.9991334e-01
   5.2766155e+00   9.9991334e-01
   5.2824268e+00   9.9991334e-01
   5.2882380e+00   9.9991334e-01
   5.2940493e+00   9.9991334e-01
   5.2998605e+00   9.9991334e-01
   5.3056718e+00   9.9991334e-01
   5.3114830e+00   9.9991335e-01
   5.3172943e+00   9.9991335e-01
   5.3231055e+00   9.9991335e-01
   5.3289168e+00   9.9991335e-01
   5.3347280e+00   9.9991336e-01
   5.3405393e+00   9.9991336e-01
   5.3463505e+00   9.9991336e-01
   5.3521618e+00   9.9991337e-01
   5.3579730e+00   9.9991337e-01
   5.3637843e+00   9.9991337e-01
   5.3695955e+00   9.9991338e-01
   5.3754068e+00   9.9991338e-01
   5.3812180e+00   9.9991338e-01
   5.3870293e+00   9.9991339e-01
   5.3928405e+00   9.9991339e-01
   5.3986518e+00   9.9991340e-01
   5.4044630e+00   9.9991340e-01
   5.4102743e+00   9.9991340e-01
   5.4160855e+00   9.9991341e-01
   5.4218968e+00   9.9991341e-01
   5.4277080e+00   9.9991341e-01
   5.4335193e+00   9.9991342e-01
   5.4393305e+00   9.9991342e-01
   5.4451418e+00   9.9991342e-01
   5.4509530e+00   9.9991343e-01
   5.4567643e+00   9.9991343e-01
   5.4625755e+00   9.9991343e-01
   5.4683868e+00   9.9991343e-01
   5.4741980e+00   9.9991344e-01
   5.4800093e+00   9.9991344e-01
   5.4858205e+00   9.9991344e-01
   5.4916318e+00   9.9991344e-01
   5.4974430e+00   9.9991344e-01
   5.5032543e+00   9.9991344e-01
   5.5090656e+00   9.9991344e-01
   5.5148768e+00   9.9991345e-01
   5.5206881e+00   9.9991345e-01
   5.5264993e+00   9.9991345e-01
   5.5323106e+00   9.9991345e-01
   5.5381218e+00   9.9991345e-01
   5.5439331e+00   9.9991345e-01
   5.5497443e+00   9.9991345e-01
   5.5555556e+00   9.9991345e-01
   5.5613668e+00   9.9991345e-01
   5.5671781e+00   9.9991345e-01
   5.5729893e+00   9.9991344e-01
   5.5788006e+00   9.9991344e-01
   5.5846118e+00   9.9991344e-01
   5.5904231e+00   9.9991344e-01
   5.5962343e+00   9.9991344e-01
   5.6020456e+00   9.9991344e-01
   5.6078568e+00   9.9991344e-01
   5.6136681e+00   9.9991343e-01
   5.6194793e+00   9.9991343e-01
   5.6252906e+00   9.9991343e-01
   5.6311018e+00   9.9991343e-01
   5.6369131e+00   9.9991343e-01
   5.6427243e+00   9.9991343e-01
   5.6485356e+00   9.9991342e-01
   5.6543468e+00   9.9991342e-01
   5.6601581e+00   9.9991342e-01
   5.6659693e+00   9.9991342e-01
   5.6717806e+00   9.9991342e-01
   5.6775918e+00   9.9991341e-01
   5.6834031e+00   9.9991341e-01
   5.6892143e+00   9.9991341e-01
   5.6950256e+00   9.9991341e-01
   5.7008368e+00   9.9991341e-01
   5.7066481e+00   9.9991341e-01
   5.7124593e+00   9.9991341e-01
   5.7182706e+00   9.9991341e-01
   5.7240818e+00   9.9991341e-01
   5.7298931e+00   9.9991341e-01
   5.7357043e+00   9.9991341e-01
   5.7415156e+00   9.9991341e-01
   5.7473268e+00   9.9991341e-01
   5.7531381e+00   9.9991341e-01
   5.7589493e+00   9.9991341e-01
   5.7647606e+00   9.9991341e-01
   5.7705718e+00   9.9991341e-01
   5.7763831e+00   9.9991341e-01
   5.7821943e+00   9.9991341e-01
   5.7880056e+00   9.9991342e-01
   5.7938168e+00   9.9991342e-01
   5.7996281e+00   9.9991342e-01
   5.8054393e+00   9.9991342e-01
   5.8112506e+00   9.9991342e-01
