2.908	0.202
2.892	0.185
2.891	0.171
2.890	0.146
2.892	0.134
2.890	0.095
2.890	0.077
2.890	0.066
2.888	0.047
2.889	0.038
2.885	0.028
2.885	0.022
2.887	0.014
2.888	0.012
2.885	0.010
2.884	0.007
2.885	0.007
2.893	0.015
2.890	0.014
2.881	0.006
2.882	0.007
2.879	0.008
2.884	0.007
2.878	0.007
2.878	0.007
2.861	0.212
3.050	0.206
3.051	0.179
3.054	0.170
3.050	0.147
3.044	0.117
3.043	0.087
3.044	0.064
3.042	0.049
3.042	0.042
3.042	0.033
3.042	0.025
3.039	0.018
3.039	0.013
3.039	0.010
3.040	0.007
3.042	0.007
3.038	0.007
3.037	0.006
3.039	0.005
3.038	0.007
3.040	0.006
3.038	0.008
3.042	0.014
3.047	0.015
Channels
1	2